151
17558
17559
17560
17561
17562
17563
17564
17565
17566
17567
17568
17569
17570
17571
17573
17595
17596
17597
17598
17599
17600
17602
17604
17606
17608
17609
17610
17611
17612
17613
17614
17616
17618
17619
17620
17621
17622
17623
17624
17626
17628
17629
17630
17631
17633
17637
17638
17639
17640
17641
17642
17644
17646
17648
17650
17651
17652
17654
17656
17657
17658
17659
17660
17662
17666
17667
17668
17669
17671
17673
17674
17676
17677
17678
17679
17680
17681
17683
17685
17686
17687
17688
17689
17690
17691
17692
17693
17694
17696
17698
17699
17700
17701
17702
17703
17704
17705
17706
17707
17708
17709
17710
17711
17712
17713
17714
17716
17718
17719
17720
17721
17722
17723
17724
17725
17726
17728
17730
17731
17733
17735
17736
17738
17739
17740
17741
17742
17743
17744
17745
17746
17748
17750
17751
17752
17754
17756
17757
17758
17760
17762
17763
17764
17765
17766
17767
17768
17769
17770
17771
17772
17773
17774
17775
17776
17777
17778
17779
17780
17781
17782
17783
17784
17785
17786
17787
17788
17789
17790
17791
17792
17793
17794
17795
17797
17799
17800
17801
17802
17803
17804
17805
17807
17809
17810
17811
17812
17814
17817
17819
17820
17821
17822
17823
17824
17825
17826
17827
17828
17829
17830
17831
17832
17833
17834
17835
17837
17839
17840
17842
17844
17845
17846
17847
17848
17849
17850
17851
17852
17853
17854
17855
17856
17857
17859
17861
17862
17863
17864
17865
17866
17867
17869
17871
17873
17875
17876
17877
17878
17879
17880
17881
17882
17883
17884
17885
17886
17887
17888
17889
17890
17892
17893
17894
17895
17896
17897
17899
17901
17903
17904
17905
17906
17908
17910
17911
17913
17915
17916
17917
17918
17919
17920
17921
17922
17923
17924
17926
17928
17929
17930
17931
17932
17933
17935
17937
17938
17939
17940
17941
17942
17944
17946
17947
17948
17949
17950
17951
17953
17955
17956
17957
17958
17959
17960
17961
17962
17964
17966
17967
17968
17969
17970
17971
17972
17973
17974
17975
17976
17977
17978
17979
17980
17981
17982
17983
17985
17987
17988
17989
17990
17991
17992
17993
17994
17995
17996
17998
18000
18001
18002
18004
18005
18006
18007
18008
18009
18010
18011
18012
18013
18014
18015
18016
18017
18019
18022
18024
18025
18026
18027
18028
18029
18030
18031
18032
18034
18036
18037
18038
18039
18040
18042
18044
18045
18046
18047
18048
18049
18050
18051
18052
18053
18054
18055
18056
18057
18058
18059
18060
18061
18062
18063
18064
18065
18066
18067
18068
18069
18070
18071
18072
18074
18077
18079
18080
18081
18082
18084
18086
18087
18088
18090
18092
18093
18094
18095
18096
18097
18098
18100
18102
18103
18104
18105
18106
18107
18108
18109
18110
18111
18112
18113
18114
18115
18116
18117
18118
18119
18120
18121
18122
18124
18126
18127
18128
18129
18130
18131
18132
18133
18134
18135
18137
18139
18140
18141
18142
18143
18144
18145
18146
18147
18148
18149
18150
18151
18152
18153
18154
18155
18156
18157
18158
18159
18160
18162
18164
18165
18166
18167
18168
18169
18170
18171
18172
18173
18174
18175
18176
18177
18178
18179
18180
18181
18182
18183
18184
18185
18186
18187
18188
18189
18190
18191
18192
18194
18196
18197
18198
18199
18200
18201
18202
18203
18204
18205
18206
18207
18208
18209
18210
18211
18212
18213
18214
18215
18216
18217
18218
18219
18220
18221
18222
18223
18224
18225
18226
18227
18228
18229
18230
18231
18232
18233
18234
18236
18238
18239
18240
18241
18242
18243
18244
18245
18246
18247
18248
18249
18250
18251
18253
18255
18256
18257
18258
18259
18260
18261
18262
18263
18264
18265
18266
18267
18268
18269
18270
18271
18272
18273
18274
18276
18278
18279
18280
18281
18282
18283
18284
18285
18286
18288
18290
18291
18292
18293
18294
18295
18296
18297
18299
18301
18302
18303
18304
18305
18306
18307
18308
18310
18312
18313
18314
18315
18316
18318
18320
18321
18322
18323
18324
18325
18326
18327
18328
18329
18330
18332
18334
18335
18336
18337
18338
18339
18340
18341
18342
18343
18344
18345
18346
18347
18348
18349
18350
18351
18352
18353
18354
18355
18356
18357
18358
18359
18360
18361
18362
18363
18364
18366
18368
18369
18370
18371
18372
18373
18374
18376
18378
18379
18380
18381
18382
18383
18384
18385
18386
18387
18389
18391
18392
18393
18394
18395
18396
18397
18398
18399
18400
18401
18403
18405
18407
18409
18410
18412
18414
18416
18418
18419
18420
18421
18422
18423
18424
18425
18426
18428
18430
18431
18432
18433
18434
18435
18436
18438
18440
18441
18442
18443
18444
18445
18447
18449
18450
18451
18452
18453
18455
18457
18458
18459
18460
18461
18462
18464
18466
18468
18470
18471
18472
18473
18474
18475
18476
18477
18478
18479
18481
18483
18484
18485
18486
18487
18488
18489
18490
18492
18494
18495
18496
18497
18498
18499
18500
18501
18502
18503
18505
18507
18508
18509
18510
18511
18512
18513
18514
18515
18516
18517
18518
18519
18521
18523
18524
18526
18528
18529
18530
18531
18532
18534
18536
18538
18540
18541
18542
18543
18544
18546
18548
18549
18550
18551
18552
18553
18554
18555
18556
18558
18560
18562
18564
18565
18567
18569
18570
18571
18572
18573
18574
18576
18578
18579
18580
18581
18582
18584
18586
18587
18588
18589
18590
18591
18592
18593
18594
18595
18596
18598
18600
18601
18602
18603
18604
18605
18606
18607
18608
18609
18610
18611
18613
18615
18616
18617
18619
18621
18622
18623
18624
18625
18626
18627
18628
18629
18630
18631
18632
18634
18636
18637
18638
18639
18641
18643
18644
18645
18646
18647
18648
18649
18650
18651
18652
18653
18654
18655
18656
18657
18658
18659
18660
18661
18662
18663
18664
18665
18666
18668
18670
18671
18672
18673
18674
18675
18676
18677
18678
18679
18680
18681
18682
18683
18684
18685
18686
18687
18688
18690
18693
18695
18696
18697
18698
18699
18700
18701
18702
18703
18704
18705
18706
18707
18708
18709
18710
18711
18712
18713
18714
18715
18716
18717
18718
18719
18720
18722
18724
18725
18726
18727
18728
18729
18730
18731
18732
18733
18734
18735
18736
18737
18738
18739
18740
18741
18742
18743
18744
18745
18746
18747
18748
18749
18750
18751
18752
18753
18754
18755
18756
18757
18758
18759
18760
18761
18762
18763
18764
18765
18767
18769
18770
18771
18772
18774
18776
18777
18778
18779
18781
18783
18784
18785
18786
18787
18788
18789
18790
18792
18794
18795
18796
18797
18798
18800
18802
18803
18804
18806
18808
18809
18810
18811
18812
18813
18814
18815
18816
18817
18819
18821
18822
18823
18824
18825
18826
18827
18828
18829
18830
18831
18832
18833
18834
18835
18836
18837
18838
18840
18842
18843
18844
18845
18846
18847
18848
18850
18853
18855
18856
18857
18858
18859
18860
18861
18862
18863
18864
18865
18866
18867
18868
18869
18870
18871
18872
18873
18874
18875
18876
18877
18878
18880
18883
18885
18886
18887
18888
18890
18892
18893
18894
18895
18896
18898
18900
18901
18902
18903
18904
18905
18906
18907
18909
18911
18912
18913
18914
18915
18917
18919
18920
18921
18922
18923
18924
18925
18927
18929
18930
18931
18932
18933
18934
18935
18936
18937
18938
18940
18942
18944
18946
18947
18948
18949
18957
18958
18959
18960
18961
18962
18966
18967
18968
18969
18971
18973
18974
18975
18983
18984
18986
18988
18989
19160
19162
19164
19165
19166
19167
19168
19169
19171
19173
19174
19175
19176
19177
19178
19179
19180
19181
19182
19184
19186
19187
19188
19190
19192
19193
19195
19197
19198
19199
19201
19203
19204
19205
19206
19208
19210
19211
19213
19215
19216
19217
19218
19220
19222
19223
19224
19225
19226
19227
19228
19229
19230
19231
19232
19233
19234
19235
19236
19237
19238
19239
19240
19242
19244
19245
19246
19247
19248
19249
19250
19252
19254
19255
19256
19257
19258
19259
19260
19261
19262
19263
19264
19265
19266
19267
19268
19269
19270
19271
19272
19273
19274
19275
19276
19278
19279
19280
19281
19282
19283
19284
19286
19288
19289
19290
19291
19292
19293
19294
19295
19296
19298
19300
19301
19302
19303
19304
19305
19306
19307
19308
19309
19310
19311
19312
19313
19314
19326
19327
19328
19329
19330
19331
19332
19333
19334
19335
19336
19337
19338
19339
19340
19341
19342
19343
19344
19346
19347
19348
19349
19350
19351
19358
19360
19362
19363
19364
19365
19369
19370
19371
19372
19373
19374
19376
19378
19379
19380
19381
19382
19383
19384
19385
19386
19392
19393
19394
19395
19396
19397
19399
19401
19402
19403
19405
19407
19408
19411
19412
19413
19414
19415
19416
19418
19420
19427
19428
19430
19432
19433
19434
19435
19442
19443
19445
19447
19448
19449
19450
19451
19452
19453
19454
19455
19456
19469
19471
19473
19474
19475
19476
19477
19478
19480
19486
19487
19488
19489
19490
19492
19493
19494
19495
19496
19497
19498
19500
19503
19505
19506
19507
19510
19511
19512
19513
19514
19515
19517
19518
19520
19522
19523
19524
19525
19526
19527
19528
19529
19531
19533
19534
19544
19545
19546
19547
19549
19551
19552
19554
19555
19556
19558
19560
19569
19570
19571
19572
19573
19574
19575
19579
19580
19581
19582
19583
19584
19585
19586
19587
19591
19592
19593
19594
19595
19597
19599
19600
19601
19602
19603
19604
19605
19607
19609
19610
19612
19614
19615
19616
19617
19618
19619
19630
19631
19633
19635
19636
19640
19641
19642
19643
19644
19647
19648
19649
19650
19652
19656
19658
19660
19662
19664
19665
19669
19670
19671
19672
19673
19692
19693
19694
19695
19696
19697
19698
19700
19702
19703
19705
19707
19709
19711
19713
19714
19715
19716
19717
19718
19721
19722
19723
19724
19725
19726
19727
19728
19729
19730
19731
19732
19733
19734
19735
19736
19737
19738
19739
19740
19745
19746
19747
19748
19750
19762
19763
19764
19765
19766
19767
19769
19770
19771
19772
19775
19776
19777
19778
19779
19780
19781
19783
19794
19795
19796
19797
19798
19799
19800
19801
19802
19803
19804
19805
19806
19807
19808
19809
19810
19812
19814
19815
19816
19817
19819
19821
19823
19826
19829
19831
19832
19833
19835
19838
19840
19841
19842
19843
19844
19845
19846
19847
19848
19849
19850
19851
19852
19853
19854
19855
19857
19859
19860
19861
19863
19865
19866
19867
19868
19869
19870
19871
19872
19873
19874
19875
19876
19877
19878
19879
19880
19881
19882
19883
19884
19885
19886
19887
19888
19889
19890
19891
19892
19893
19894
19895
19897
19899
19900
19901
19903
19905
19906
19907
19908
19909
19910
19911
19912
19913
19914
19915
19916
19917
19918
19919
19921
19923
19924
19925
19926
19927
19929
19931
19932
19933
19934
19935
19936
19937
19938
19939
19941
19943
19944
19945
19946
19947
19948
19949
19951
19953
19954
19955
19984
19985
19987
19989
19990
19991
19992
19993
19994
19995
19996
19997
19998
19999
20001
20003
20004
20005
20007
20009
20010
20011
20012
20013
20014
20015
20016
20017
20018
20019
20020
20021
20022
20023
20024
20025
20026
20027
20028
20030
20032
20033
20034
20035
20036
20037
20038
20039
20040
20041
20042
20043
20044
20045
20046
20047
20048
20049
20050
20051
20052
20053
20054
20055
20056
20057
20058
20059
20060
20061
20063
20065
20066
20067
20068
20069
20070
20071
20072
20073
20074
20075
20076
20077
20078
20079
20080
20081
20082
20083
20084
20085
20086
20087
20089
20093
20094
20095
20096
20097
20098
20099
20100
20101
20102
20103
20104
20105
20106
20107
20108
20109
20110
20111
20112
20113
20114
20115
20117
20119
20120
20121
20122
20123
20124
20125
20126
20127
20128
20129
20130
20131
20132
20133
20135
20137
20139
20141
20143
20145
20146
20147
20148
20150
20152
20153
20155
20157
20158
20159
20161
20163
20164
20165
20166
20167
20168
20169
20170
20171
20172
20173
20174
20175
20176
20177
20178
20179
21823
21826
21829
21832
21835
21836
21837
21838
21839
22071
22072
22073
22076
22079
22082
22085
22088
22089
22266
22267
22268
22271
22274
22275
22276
22277
22278
22279
22658
22661
22662
22665
22668
22669
22670
22671
22676
22677
22680
22683
22688
22691
22694
22697
22698
22699
22700
22705
22708
22711
22714
22717
22718
22723
22726
22727
22728
22729
22732
22735
22736
22741
22742
22743
22744
22745
22746
22747
22777
22778
22779
22780
22781
22782
22783
